"","glm_sens","glm_spec","knn_sens","knn_spec","rf_sens","rf_spec","rpart_sens","rpart_spec"
"1",0,1,0,0.999827586206897,0,0.999310344827586,0,1
"2",0.0025,0.999310344827586,0,0.999827586206897,0.005,0.99948275862069,0,1
"3",0.0375,0.9975,0.0075,0.999137931034483,0.0525,0.99698275862069,0.005,0.99948275862069
"4",0.1025,0.996810344827586,0.02,0.999137931034483,0.11,0.993706896551724,0.0075,0.999655172413793
"5",0.2425,0.99448275862069,0.0425,0.999224137931034,0.2275,0.993103448275862,0.0275,0.999137931034483
"6",0.3275,0.994568965517241,0.105,0.997155172413793,0.2775,0.991637931034483,0.1175,0.996465517241379
"7",0.45,0.991293103448276,0.1675,0.997241379310345,0.37,0.990172413793103,0.1975,0.994310344827586
"8",0.6075,0.992241379310345,0.26,0.996810344827586,0.5275,0.988879310344828,0.31,0.990086206896552
"9",0.76,0.990948275862069,0.375,0.995172413793103,0.64,0.99,0.4075,0.990086206896552
"10",0.805,0.989913793103448,0.4625,0.994396551724138,0.7225,0.989310344827586,0.5175,0.986465517241379
"11",0.8325,0.991810344827586,0.5275,0.995862068965517,0.72,0.991379310344828,0.655,0.987413793103448
"12",0.8925,0.99198275862069,0.61,0.995086206896552,0.835,0.99301724137931,0.785,0.987758620689655
"13",0.89,0.994913793103448,0.6,0.996293103448276,0.825,0.994310344827586,0.845,0.989568965517241
"14",0.9375,0.996896551724138,0.685,0.996810344827586,0.9025,0.996810344827586,0.95,0.990948275862069
"15",0.9225,0.996120689655172,0.68,0.996896551724138,0.8975,0.996724137931034,0.9475,0.992241379310345
"16",0.965,0.996896551724138,0.76,0.996120689655172,0.945,0.996465517241379,0.9725,0.995
"17",0.96,0.997068965517241,0.81,0.997068965517241,0.945,0.997672413793103,0.9775,0.997068965517241
"18",0.95,0.996810344827586,0.7975,0.997068965517241,0.9475,0.996896551724138,0.98,0.995948275862069
"19",0.9725,0.997413793103448,0.8025,0.997413793103448,0.9675,0.997844827586207,0.99,0.997327586206897
"20",0.9525,0.998706896551724,0.8025,0.997758620689655,0.9625,0.998534482758621,0.9725,0.998706896551724
"21",0.9725,0.998620689655172,0.8375,0.998448275862069,0.98,0.99801724137931,0.9825,0.998965517241379
"22",0.975,0.999137931034483,0.875,0.998620689655172,0.99,0.998706896551724,0.9775,0.999051724137931
"23",0.975,0.998620689655172,0.8425,0.997758620689655,0.99,0.998103448275862,0.99,0.999137931034483
"24",0.9875,0.998275862068966,0.865,0.998534482758621,0.9875,0.998189655172414,0.985,0.998793103448276
"25",0.98,0.999051724137931,0.8875,0.998793103448276,0.9875,0.998448275862069,0.9775,0.998965517241379
"26",0.985,0.999396551724138,0.8875,0.999568965517241,0.9925,0.998448275862069,0.9875,0.999310344827586
"27",0.9925,0.999224137931034,0.88,0.998965517241379,0.99,0.998534482758621,0.96,0.998534482758621
"28",0.995,0.99948275862069,0.93,0.999568965517241,0.995,0.998879310344828,0.9825,0.998620689655172
"29",0.9875,0.999741379310345,0.9025,0.999224137931034,0.9875,0.999310344827586,0.9775,0.999568965517241
"30",0.99,0.999051724137931,0.92,0.998965517241379,0.98,0.998620689655172,0.96,0.999137931034483
"31",0.9975,0.999741379310345,0.9425,0.999310344827586,0.99,0.999568965517241,0.97,0.998620689655172
"32",0.995,0.998706896551724,0.945,0.999310344827586,0.9975,0.998879310344828,0.9725,0.998620689655172
"33",0.9975,0.999655172413793,0.935,0.999310344827586,0.99,0.999568965517241,0.97,0.998534482758621
"34",0.995,0.999224137931034,0.9475,0.999568965517241,0.9875,0.999655172413793,0.9825,0.999224137931034
"35",0.9975,0.999310344827586,0.94,0.99948275862069,0.985,0.998534482758621,0.9725,0.99801724137931
"36",1,0.999741379310345,0.9525,0.999913793103448,0.98,0.999741379310345,0.96,0.999310344827586
"37",0.995,0.999568965517241,0.93,0.99948275862069,0.98,0.99948275862069,0.9475,0.998793103448276
"38",0.9975,0.999827586206897,0.95,0.999568965517241,0.9825,0.999655172413793,0.9475,0.998534482758621
"39",1,0.999913793103448,0.9875,1,0.9825,0.999396551724138,0.9525,0.998879310344828
"40",0.995,0.999913793103448,0.97,0.999827586206897,0.9875,0.999396551724138,0.9425,0.998879310344828
